850 5850
0 1
1 2
2 3
3 4
4 5
5 6
6 7
7 8
8 9
9 10
10 11
11 12
12 13
13 14
14 15
15 16
16 17
17 18
18 19
19 20
20 21
21 22
22 23
23 24
24 25
25 26
26 27
27 28
28 29
29 30
30 31
31 32
32 33
33 34
34 35
35 36
36 37
37 38
38 39
39 40
40 41
41 42
42 43
43 44
44 45
45 46
46 47
47 48
48 49
49 50
50 51
51 52
52 53
53 54
54 55
55 56
56 57
57 58
58 59
59 60
60 61
61 62
62 63
63 64
64 65
65 66
66 67
67 68
68 69
69 70
70 71
71 72
72 73
73 74
74 75
75 76
76 77
77 78
78 79
79 80
80 81
81 82
82 83
83 84
84 85
85 86
86 87
87 88
88 89
89 90
90 91
91 92
92 93
93 94
94 95
95 96
96 97
97 98
98 99
99 100
100 101
101 102
102 103
103 104
104 105
105 106
106 107
107 108
108 109
109 110
110 111
111 112
112 113
113 114
114 115
115 116
116 117
117 118
118 119
119 120
120 121
121 122
122 123
123 124
124 125
125 126
126 127
127 128
128 129
129 130
130 131
131 132
132 133
133 134
134 135
135 136
136 137
137 138
138 139
139 140
140 141
141 142
142 143
143 144
144 145
145 146
146 147
147 148
148 149
149 150
150 151
151 152
152 153
153 154
154 155
155 156
156 157
157 158
158 159
159 160
160 161
161 162
162 163
163 164
164 165
165 166
166 167
167 168
168 169
169 170
170 171
171 172
172 173
173 174
174 175
175 176
176 177
177 178
178 179
179 180
180 181
181 182
182 183
183 184
184 185
185 186
186 187
187 188
188 189
189 190
190 191
191 192
192 193
193 194
194 195
195 196
196 197
197 198
198 199
199 200
200 201
201 202
202 203
203 204
204 205
205 206
206 207
207 208
208 209
209 210
210 211
211 212
212 213
213 214
214 215
215 216
216 217
217 218
218 219
219 220
220 221
221 222
222 223
223 224
224 225
225 226
226 227
227 228
228 229
229 230
230 231
231 232
232 233
233 234
234 235
235 236
236 237
237 238
238 239
239 240
240 241
241 242
242 243
243 244
244 245
245 246
246 247
247 248
248 249
249 250
250 251
251 252
252 253
253 254
254 255
255 256
256 257
257 258
258 259
259 260
260 261
261 262
262 263
263 264
264 265
265 266
266 267
267 268
268 269
269 270
270 271
271 272
272 273
273 274
274 275
275 276
276 277
277 278
278 279
279 280
280 281
281 282
282 283
283 284
284 285
285 286
286 287
287 288
288 289
289 290
290 291
291 292
292 293
293 294
294 295
295 296
296 297
297 298
298 299
299 300
300 301
301 302
302 303
303 304
304 305
305 306
306 307
307 308
308 309
309 310
310 311
311 312
312 313
313 314
314 315
315 316
316 317
317 318
318 319
319 320
320 321
321 322
322 323
323 324
324 325
325 326
326 327
327 328
328 329
329 330
330 331
331 332
332 333
333 334
334 335
335 336
336 337
337 338
338 339
339 340
340 341
341 342
342 343
343 344
344 345
345 346
346 347
347 348
348 349
349 350
350 351
351 352
352 353
353 354
354 355
355 356
356 357
357 358
358 359
359 360
360 361
361 362
362 363
363 364
364 365
365 366
366 367
367 368
368 369
369 370
370 371
371 372
372 373
373 374
374 375
375 376
376 377
377 378
378 379
379 380
380 381
381 382
382 383
383 384
384 385
385 386
386 387
387 388
388 389
389 390
390 391
391 392
392 393
393 394
394 395
395 396
396 397
397 398
398 399
399 400
400 401
401 402
402 403
403 404
404 405
405 406
406 407
407 408
408 409
409 410
410 411
411 412
412 413
413 414
414 415
415 416
416 417
417 418
418 419
419 420
420 421
421 422
422 423
423 424
424 425
425 426
426 427
427 428
428 429
429 430
430 431
431 432
432 433
433 434
434 435
435 436
436 437
437 438
438 439
439 440
440 441
441 442
442 443
443 444
444 445
445 446
446 447
447 448
448 449
449 450
450 451
451 452
452 453
453 454
454 455
455 456
456 457
457 458
458 459
459 460
460 461
461 462
462 463
463 464
464 465
465 466
466 467
467 468
468 469
469 470
470 471
471 472
472 473
473 474
474 475
475 476
476 477
477 478
478 479
479 480
480 481
481 482
482 483
483 484
484 485
485 486
486 487
487 488
488 489
489 490
490 491
491 492
492 493
493 494
494 495
495 496
496 497
497 498
498 499
499 500
500 501
501 502
502 503
503 504
504 505
505 506
506 507
507 508
508 509
509 510
510 511
511 512
512 513
513 514
514 515
515 516
516 517
517 518
518 519
519 520
520 521
521 522
522 523
523 524
524 525
525 526
526 527
527 528
528 529
529 530
530 531
531 532
532 533
533 534
534 535
535 536
536 537
537 538
538 539
539 540
540 541
541 542
542 543
543 544
544 545
545 546
546 547
547 548
548 549
549 550
550 551
551 552
552 553
553 554
554 555
555 556
556 557
557 558
558 559
559 560
560 561
561 562
562 563
563 564
564 565
565 566
566 567
567 568
568 569
569 570
570 571
571 572
572 573
573 574
574 575
575 576
576 577
577 578
578 579
579 580
580 581
581 582
582 583
583 584
584 585
585 586
586 587
587 588
588 589
589 590
590 591
591 592
592 593
593 594
594 595
595 596
596 597
597 598
598 599
599 600
600 601
601 602
602 603
603 604
604 605
605 606
606 607
607 608
608 609
609 610
610 611
611 612
612 613
613 614
614 615
615 616
616 617
617 618
618 619
619 620
620 621
621 622
622 623
623 624
624 625
625 626
626 627
627 628
628 629
629 630
630 631
631 632
632 633
633 634
634 635
635 636
636 637
637 638
638 639
639 640
640 641
641 642
642 643
643 644
644 645
645 646
646 647
647 648
648 649
649 650
650 651
651 652
652 653
653 654
654 655
655 656
656 657
657 658
658 659
659 660
660 661
661 662
662 663
663 664
664 665
665 666
666 667
667 668
668 669
669 670
670 671
671 672
672 673
673 674
674 675
675 676
676 677
677 678
678 679
679 680
680 681
681 682
682 683
683 684
684 685
685 686
686 687
687 688
688 689
689 690
690 691
691 692
692 693
693 694
694 695
695 696
696 697
697 698
698 699
699 700
700 701
701 702
702 703
703 704
704 705
705 706
706 707
707 708
708 709
709 710
710 711
711 712
712 713
713 714
714 715
715 716
716 717
717 718
718 719
719 720
720 721
721 722
722 723
723 724
724 725
725 726
726 727
727 728
728 729
729 730
730 731
731 732
732 733
733 734
734 735
735 736
736 737
737 738
738 739
739 740
740 741
741 742
742 743
743 744
744 745
745 746
746 747
747 748
748 749
749 750
750 751
751 752
752 753
753 754
754 755
755 756
756 757
757 758
758 759
759 760
760 761
761 762
762 763
763 764
764 765
765 766
766 767
767 768
768 769
769 770
770 771
771 772
772 773
773 774
774 775
775 776
776 777
777 778
778 779
779 780
780 781
781 782
782 783
783 784
784 785
785 786
786 787
787 788
788 789
789 790
790 791
791 792
792 793
793 794
794 795
795 796
796 797
797 798
798 799
799 800
800 801
801 802
802 803
803 804
804 805
805 806
806 807
807 808
808 809
809 810
810 811
811 812
812 813
813 814
814 815
815 816
816 817
817 818
818 819
819 820
820 821
821 822
822 823
823 824
824 825
825 826
826 827
827 828
828 829
829 830
830 831
831 832
832 833
833 834
834 835
835 836
836 837
837 838
838 839
839 840
840 841
841 842
842 843
843 844
844 845
845 846
846 847
847 848
848 849
849 0
227 593
37 512
565 52
560 781
240 570
707 691
793 223
211 587
329 309
452 556
744 741
5 504
107 63
384 344
258 734
273 815
156 56
753 221
656 407
181 55
182 421
431 640
50 31
830 37
443 393
125 495
407 672
311 698
360 608
382 618
470 560
214 797
731 440
423 453
371 76
409 503
515 146
214 443
736 816
173 620
419 377
731 572
412 797
317 824
722 594
733 561
122 409
631 524
465 210
573 300
106 639
246 425
77 536
683 490
284 783
584 485
486 469
566 414
189 195
166 560
224 167
312 766
68 843
640 513
793 465
700 736
502 795
186 205
505 538
661 508
827 234
726 561
13 824
115 456
167 296
692 511
327 473
530 693
312 700
444 263
40 641
85 108
112 166
469 816
510 625
71 286
8 331
509 595
111 485
455 211
172 252
225 284
305 18
128 713
408 89
153 421
333 441
208 23
806 505
364 425
708 423
78 651
687 667
525 409
657 347
537 262
73 621
506 839
73 281
524 714
68 70
793 387
694 780
221 483
668 290
622 372
717 832
808 449
224 595
407 23
255 368
192 789
279 419
706 842
660 466
27 63
427 241
812 435
537 601
51 811
156 182
622 287
749 102
455 151
36 289
523 472
302 587
380 642
523 587
808 402
322 232
610 766
742 10
474 381
40 807
108 38
210 796
0 481
338 619
66 125
807 42
212 438
96 664
364 629
306 527
609 153
294 286
658 352
815 594
84 388
147 642
550 29
418 486
726 512
577 633
251 27
551 347
496 520
805 623
143 557
109 44
790 95
732 291
186 272
626 495
188 714
178 652
77 15
585 776
647 272
216 645
627 674
359 646
273 185
536 668
75 708
613 401
413 556
508 22
49 207
625 144
27 726
378 485
528 226
17 129
714 373
812 397
637 774
1 386
710 214
413 634
105 621
576 162
811 447
385 442
527 832
674 848
266 47
706 127
514 707
321 320
476 613
566 658
367 138
11 5
661 439
464 74
250 28
397 831
609 188
644 604
262 720
430 358
162 699
442 587
848 33
309 842
216 793
816 79
624 583
641 269
482 193
719 612
363 478
494 459
306 665
277 21
773 13
167 154
819 626
735 460
88 135
475 733
406 503
736 303
737 165
483 426
216 47
257 777
310 679
732 398
776 122
481 375
632 54
362 650
423 355
273 774
436 56
404 16
196 9
66 771
725 386
38 4
803 386
551 498
532 647
841 256
832 245
557 199
771 22
7 378
479 486
555 2
471 313
714 72
314 476
408 495
233 115
782 425
143 153
749 59
45 617
823 804
491 235
624 132
105 284
425 259
295 172
835 210
512 736
39 793
337 654
316 120
305 253
624 75
527 316
496 823
95 484
386 249
759 86
839 304
238 764
634 571
627 748
539 545
200 304
173 269
643 483
8 140
495 19
189 613
529 264
357 13
421 523
180 208
330 541
642 138
85 118
651 745
121 34
631 782
372 288
391 577
718 651
760 663
177 362
361 607
336 411
11 813
337 485
527 581
722 753
817 715
688 100
775 804
70 714
348 487
293 469
355 568
446 584
115 575
273 498
779 799
704 369
386 304
527 464
833 516
300 826
266 732
95 63
2 636
568 215
404 612
781 501
163 784
274 101
459 738
475 279
680 93
328 572
432 44
182 88
839 758
720 440
602 61
630 535
834 430
414 183
607 587
165 449
701 676
612 606
466 644
198 839
525 608
15 830
384 307
690 56
533 266
846 526
625 549
730 255
608 847
573 173
421 596
559 651
248 625
471 719
453 385
454 644
310 652
220 153
4 223
621 231
628 731
586 200
765 275
393 240
89 844
631 131
290 179
487 254
359 731
453 450
203 691
193 338
273 130
244 391
208 539
441 369
181 593
311 474
466 400
600 740
665 561
429 829
217 357
291 683
388 304
548 65
196 446
567 292
165 328
420 720
276 31
650 826
165 727
397 808
721 392
399 331
596 304
587 380
10 708
657 218
470 522
277 537
699 371
695 52
625 632
371 717
483 549
555 723
586 370
113 615
739 675
82 258
69 579
158 712
480 676
836 394
585 605
516 696
740 583
5 287
778 673
203 451
22 56
786 478
267 612
21 464
570 648
673 515
349 734
607 463
584 326
81 709
750 552
103 40
480 360
224 368
241 62
54 355
459 847
388 73
640 441
615 367
400 792
741 200
178 556
713 9
263 333
504 713
117 260
552 393
323 217
760 87
435 656
419 407
504 66
65 843
411 420
83 784
229 437
719 468
831 275
309 222
85 559
369 1
636 169
531 306
157 363
477 370
233 768
784 510
124 225
83 593
553 713
44 60
98 242
503 167
388 838
65 14
553 480
633 255
564 598
815 384
80 215
595 162
173 335
679 635
529 478
375 520
810 150
306 801
832 175
357 668
382 431
271 769
157 580
383 600
270 566
830 87
486 409
103 301
22 432
138 496
417 807
237 256
243 514
539 318
83 531
623 317
573 53
681 759
780 42
195 443
711 794
555 436
164 692
264 275
431 776
375 516
359 78
735 321
473 805
686 795
329 2
173 24
811 654
107 737
490 654
1 809
85 712
752 81
412 257
269 169
765 637
685 448
598 389
297 338
655 364
424 730
692 540
19 696
101 786
500 634
805 560
505 502
807 828
490 473
481 575
337 331
234 91
537 333
113 307
241 837
645 775
689 348
85 35
581 189
8 41
105 428
345 270
526 471
400 237
698 78
729 421
187 660
582 722
219 18
471 548
312 61
164 331
78 624
9 482
2 462
843 549
291 496
182 71
771 52
336 221
447 146
630 540
377 499
323 566
303 551
502 636
467 388
564 210
581 451
180 267
190 11
551 430
423 503
304 805
73 195
824 287
308 350
382 693
757 702
375 659
375 501
299 59
27 494
140 247
28 597
207 612
268 378
72 829
621 290
399 303
242 684
41 59
6 699
113 434
116 54
772 305
442 454
447 525
783 406
152 81
144 66
374 399
30 565
408 384
338 148
172 813
440 279
381 119
649 211
535 81
72 297
727 213
390 575
150 291
454 629
72 569
748 842
280 248
321 79
155 493
172 271
477 290
343 256
401 737
369 772
733 450
476 651
136 120
58 673
764 70
192 332
521 170
325 441
286 680
693 94
236 145
24 465
428 711
646 44
521 423
602 595
652 115
153 259
43 621
408 358
621 130
417 268
164 112
770 249
446 415
698 372
626 427
624 123
770 32
286 441
627 504
7 43
539 579
284 247
203 186
291 133
55 391
477 338
638 256
510 265
730 235
207 410
314 436
210 421
787 692
535 748
280 715
38 685
624 706
719 775
130 722
785 57
338 298
771 137
14 288
248 36
722 242
600 559
781 179
530 256
642 76
186 602
278 349
292 486
370 58
229 297
126 148
366 754
759 541
196 79
682 720
284 114
554 821
92 267
748 365
609 692
744 754
160 474
742 574
806 278
79 388
696 551
153 577
614 832
618 589
375 726
447 171
75 229
553 289
723 458
691 746
740 60
513 737
235 835
480 356
294 238
445 344
740 681
7 346
272 530
643 7
690 306
52 593
202 269
696 34
620 551
571 517
360 846
526 269
282 82
336 391
164 782
206 179
683 628
66 807
501 304
452 479
336 528
514 351
75 9
804 669
559 708
249 393
266 158
661 379
199 550
726 460
714 319
812 764
430 386
453 18
511 522
373 107
28 847
518 822
146 38
722 28
774 489
27 674
274 248
821 48
755 509
666 435
149 709
269 488
763 343
489 633
86 261
692 393
678 46
210 396
387 81
490 203
302 192
661 121
808 485
231 340
783 777
389 189
652 556
805 391
150 688
387 132
412 370
438 459
63 26
752 608
373 527
52 284
34 252
846 263
580 468
724 45
451 673
289 417
410 386
121 728
166 614
101 595
514 24
375 381
247 211
741 529
73 198
759 5
468 200
99 585
440 594
73 579
790 127
583 354
164 779
367 707
625 520
247 204
783 825
57 486
297 210
257 791
571 99
323 155
443 41
669 6
527 98
336 426
836 72
572 336
243 252
207 109
438 381
770 24
249 436
795 279
507 121
360 619
293 222
827 680
769 829
446 772
184 170
795 659
301 474
509 806
688 253
528 828
566 423
772 205
691 742
380 111
32 107
701 584
264 312
526 495
684 310
248 483
45 604
208 118
78 254
332 69
395 511
482 709
377 475
378 604
666 208
305 264
578 223
407 361
470 453
196 774
476 328
245 160
647 655
317 587
724 170
424 329
498 13
525 259
115 601
667 699
517 710
805 684
815 839
100 592
627 334
742 189
412 798
609 625
408 184
201 606
246 486
428 592
619 690
439 425
746 130
284 840
107 502
739 828
603 389
572 524
202 582
576 112
777 507
176 794
601 250
511 650
40 399
165 823
530 229
544 467
123 22
217 661
249 786
594 464
564 642
177 216
595 363
816 126
363 267
807 200
466 432
98 17
290 384
768 375
93 690
594 560
635 841
733 332
133 274
736 428
308 346
266 401
140 351
34 39
579 292
675 735
129 170
374 66
461 665
587 638
682 847
429 37
63 597
588 168
641 297
403 121
381 582
173 371
491 584
429 789
189 671
720 807
399 486
377 517
646 720
750 258
283 193
59 320
620 630
326 25
639 425
207 687
581 204
453 246
702 19
310 258
725 167
317 74
785 777
364 759
84 273
677 626
73 367
42 553
500 760
793 372
738 686
549 649
194 291
593 650
78 700
76 354
406 248
216 707
308 10
195 286
762 828
90 721
80 695
823 153
480 680
639 407
566 531
425 59
663 587
121 701
168 233
449 363
409 723
132 671
400 619
733 384
845 618
158 689
159 641
59 520
777 429
323 740
233 102
632 64
202 56
295 708
382 133
455 459
451 408
20 791
148 37
530 511
514 380
598 567
638 725
196 179
219 232
231 609
139 773
489 816
584 522
227 238
420 113
204 493
218 701
452 225
833 680
394 439
757 420
221 646
586 217
571 473
93 61
243 289
294 223
188 695
147 257
422 768
299 616
522 670
740 397
646 26
322 415
119 373
726 263
776 703
234 458
106 445
701 149
410 509
595 649
353 359
314 608
532 808
509 394
101 481
567 39
176 231
803 504
250 305
756 39
292 775
689 831
475 410
708 49
840 280
646 346
537 30
159 725
13 484
553 603
697 102
814 845
632 199
288 443
699 599
38 125
359 158
691 22
177 152
170 728
193 558
111 746
365 786
841 668
283 114
748 134
234 686
68 560
377 339
169 18
177 758
657 76
387 268
658 512
149 349
301 734
430 584
540 332
578 458
121 8
591 233
809 439
340 204
457 246
792 157
320 439
167 356
727 9
203 30
558 624
818 14
756 839
240 168
92 667
726 52
162 771
694 397
825 209
533 735
816 659
608 746
91 481
421 331
711 715
414 527
310 96
1 250
486 833
698 827
88 640
261 356
789 316
234 459
454 531
171 397
126 200
218 145
468 494
269 251
218 25
175 71
675 45
571 329
246 770
669 752
694 409
776 131
681 413
288 463
494 155
12 707
27 618
175 432
246 758
319 678
71 165
466 131
622 284
715 555
368 777
2 536
368 197
754 337
310 415
589 334
471 761
585 775
824 714
328 380
127 515
828 226
246 799
625 610
598 663
558 549
621 261
198 719
116 617
0 323
776 21
460 701
137 783
441 53
688 285
205 193
815 378
717 701
149 745
449 30
831 784
128 528
327 825
450 694
249 193
300 761
97 460
467 700
766 76
628 740
142 68
766 126
78 371
604 757
176 580
813 242
475 455
28 775
521 54
830 201
81 790
47 641
254 532
842 273
250 719
635 248
840 382
290 127
767 14
436 843
542 497
396 808
740 844
533 486
507 73
720 339
122 145
281 635
545 504
434 395
455 500
240 636
546 746
695 770
439 393
88 337
631 772
266 167
730 381
157 130
281 38
749 120
51 285
132 448
620 648
747 217
212 219
188 137
316 190
218 746
204 485
723 162
55 742
511 846
690 530
409 524
211 721
569 415
429 64
559 791
848 207
238 738
237 77
526 789
724 384
371 122
55 817
547 643
203 526
237 6
732 378
443 301
758 626
791 31
621 358
349 134
364 396
319 263
124 465
830 506
44 439
651 488
12 805
629 578
381 96
614 824
353 170
309 563
51 673
517 438
756 835
821 138
264 112
175 365
580 832
31 190
347 228
707 110
446 507
342 471
283 625
284 228
460 555
518 792
586 700
364 91
486 750
723 832
465 663
554 750
608 48
98 319
826 495
315 17
695 744
361 800
2 693
833 307
716 163
445 836
310 628
33 708
809 235
516 386
54 793
63 722
50 743
366 829
64 112
583 290
379 480
509 614
391 274
1 430
54 191
431 428
227 803
103 32
437 450
245 172
382 828
38 191
509 377
220 192
246 349
379 76
271 756
107 222
92 423
106 141
775 508
801 596
136 73
821 293
255 397
614 514
95 490
461 103
353 86
483 272
573 391
323 439
194 475
531 771
664 247
254 303
301 58
400 245
447 506
307 166
515 803
298 375
189 207
75 336
171 549
274 93
499 696
279 353
116 180
206 231
683 532
444 144
482 790
662 127
488 438
383 9
92 171
564 182
234 182
198 64
779 538
832 105
295 143
286 837
408 280
126 802
205 142
713 648
555 170
310 482
40 315
163 351
710 11
442 264
405 641
397 601
793 419
172 583
575 454
86 123
148 381
563 230
1 508
403 394
485 676
559 548
76 842
574 625
830 219
357 368
136 95
524 615
516 561
527 265
72 776
438 275
647 243
835 673
566 183
799 641
826 801
529 82
789 65
209 161
500 557
34 67
776 630
461 510
816 84
359 96
363 165
461 439
834 814
205 673
102 511
347 472
237 600
419 476
108 771
402 461
432 529
714 771
420 75
254 462
83 287
671 808
178 327
516 73
15 308
224 844
116 83
151 492
820 695
121 80
586 720
677 276
827 831
80 383
406 174
478 220
216 71
612 652
565 720
390 550
792 85
462 596
349 763
360 374
482 43
141 159
234 785
661 183
652 158
146 770
297 395
52 235
175 356
343 622
105 641
183 632
358 771
745 787
522 159
368 773
141 609
607 397
406 82
85 645
512 457
151 506
175 774
385 150
569 650
433 707
341 540
336 357
839 808
75 16
125 244
118 848
756 652
558 680
43 806
268 29
237 610
312 206
1 456
803 105
401 138
70 468
145 595
612 736
79 30
768 304
712 590
27 775
698 130
346 231
275 416
567 501
202 790
63 292
680 492
664 407
401 20
773 99
412 753
449 516
405 653
426 658
522 197
133 751
400 379
399 635
112 824
489 534
220 575
111 484
458 267
579 370
20 605
182 483
781 190
324 718
544 111
548 695
384 849
810 832
37 217
329 328
101 487
551 655
506 74
504 473
24 434
21 452
570 164
26 148
93 681
1 9
438 570
250 356
795 460
713 702
466 395
712 512
708 640
486 576
547 176
717 430
520 47
548 384
628 302
581 642
481 250
587 735
123 669
191 215
292 17
190 433
654 253
242 624
84 575
616 782
29 375
701 518
705 222
686 715
369 187
17 622
98 438
843 232
684 111
265 200
351 545
23 405
822 70
28 819
523 435
161 385
269 343
622 49
473 384
798 174
493 237
660 645
805 73
230 352
255 434
215 188
52 169
750 1
555 258
705 254
313 88
33 271
302 474
455 579
730 795
141 453
569 786
292 452
189 38
403 26
432 475
494 378
226 708
511 97
232 755
813 247
415 38
844 774
706 151
660 36
666 275
307 530
114 832
693 712
640 141
285 36
267 816
410 287
385 531
432 589
141 515
78 600
49 372
457 441
78 689
670 633
145 367
101 114
413 732
609 277
722 654
584 825
750 663
693 729
441 367
188 523
530 263
785 39
17 60
251 801
575 493
566 156
115 699
268 558
206 663
412 648
6 669
605 124
623 506
789 600
213 188
232 288
645 408
350 265
830 189
765 819
762 352
259 755
78 434
737 486
836 429
641 599
370 706
231 355
617 732
224 231
625 719
658 836
430 577
159 523
331 698
357 568
426 94
307 314
640 443
110 468
622 447
342 68
71 354
767 133
629 718
787 471
596 341
349 409
262 163
745 158
241 172
625 376
0 760
531 454
105 407
527 445
507 843
205 134
565 543
302 179
585 302
407 35
18 724
43 327
759 166
1 412
162 351
769 726
454 517
116 377
18 655
354 724
832 94
796 47
72 601
179 60
792 7
302 195
2 370
753 292
138 849
244 262
602 76
707 380
26 828
773 740
402 619
685 314
515 604
79 459
123 510
457 90
72 120
395 583
390 159
664 46
37 172
149 812
642 803
149 740
657 110
387 457
11 739
139 487
240 386
372 308
777 750
343 153
437 430
657 392
94 113
757 108
241 202
151 641
394 560
663 591
489 587
66 194
240 503
777 806
67 601
331 159
467 518
608 76
164 594
92 689
412 817
571 646
143 764
768 118
537 759
426 324
32 360
313 788
693 492
810 204
177 80
806 190
588 506
608 171
609 35
742 221
379 585
182 485
280 334
683 643
447 795
783 395
466 583
577 580
423 509
604 780
696 511
106 599
795 521
354 670
248 417
635 790
190 184
113 498
244 17
437 762
630 396
142 4
503 723
815 832
189 43
305 386
156 447
483 263
135 443
757 539
26 580
352 480
631 537
625 760
423 44
285 488
386 271
720 702
357 583
271 150
778 337
473 111
528 700
260 282
565 428
410 804
579 93
415 727
243 510
807 672
421 469
64 173
543 283
420 429
707 412
737 51
760 538
45 516
476 557
152 42
484 533
545 681
806 147
102 765
360 202
608 275
514 447
169 456
85 613
436 502
826 558
629 167
785 643
90 382
273 87
845 341
183 801
364 208
59 232
270 806
227 188
435 431
601 834
696 679
723 569
602 422
206 736
82 649
280 675
416 454
641 249
358 399
83 665
100 443
718 514
642 673
650 483
514 581
545 562
448 558
38 709
6 35
431 692
669 363
230 127
421 23
318 175
268 299
294 580
573 599
697 625
195 597
478 680
598 803
823 213
294 258
411 423
497 827
515 148
816 506
439 74
592 681
355 458
258 83
197 368
66 834
412 831
602 820
24 180
386 355
431 600
679 532
15 677
511 618
397 598
469 180
206 620
827 93
359 746
496 510
662 254
709 524
215 428
163 399
339 460
520 518
810 137
315 575
474 366
483 315
340 172
514 469
804 187
167 73
505 573
793 705
699 485
525 335
478 431
212 152
667 480
471 840
714 227
597 227
184 378
775 734
391 303
307 423
466 343
384 198
363 847
632 177
808 836
547 823
647 362
462 615
177 327
563 221
832 260
246 1
292 729
127 465
702 625
68 732
498 9
403 32
208 4
230 596
297 105
634 520
742 241
416 374
185 669
607 308
176 341
32 118
307 551
58 91
189 611
76 183
327 683
461 107
562 777
715 79
10 737
604 119
580 485
583 489
72 268
551 434
299 528
62 506
278 558
688 278
681 533
812 349
287 144
656 649
380 367
505 109
641 173
280 264
797 617
587 226
275 52
364 255
604 775
223 311
218 113
6 539
75 297
373 640
118 105
632 828
355 633
437 106
628 97
200 800
625 132
26 477
472 677
436 535
142 502
604 128
840 254
342 663
636 616
358 593
326 378
570 827
280 768
729 99
118 718
183 666
231 373
290 10
295 335
376 79
783 255
567 109
532 83
827 724
528 133
649 601
754 100
824 256
274 403
747 253
248 487
276 551
39 213
641 361
122 589
158 127
401 835
52 288
65 163
30 283
544 737
171 57
227 477
449 260
572 637
537 712
647 627
453 599
392 369
589 711
718 421
156 329
352 18
772 343
39 299
591 414
614 464
572 32
136 35
565 238
705 755
685 93
438 735
606 254
428 32
187 805
154 97
56 110
334 126
263 93
194 103
471 346
839 330
566 34
260 257
191 448
257 769
134 649
198 573
456 785
509 46
367 67
848 153
487 410
424 596
540 748
706 142
655 130
491 727
607 23
696 584
453 607
288 562
612 533
163 38
57 308
120 471
162 324
711 717
585 340
8 789
577 624
410 270
83 817
452 384
179 19
818 50
395 179
556 115
50 655
680 736
203 639
112 771
8 718
308 590
748 458
346 432
448 433
195 160
485 172
136 313
400 225
108 356
107 728
15 195
525 461
419 704
789 443
454 819
55 448
655 233
414 399
735 302
6 783
605 552
333 400
670 463
592 505
681 592
116 648
680 845
741 685
561 592
390 151
571 662
338 440
422 275
280 441
235 814
556 391
25 334
372 709
759 373
517 399
353 101
596 689
682 586
571 195
187 575
628 497
565 333
311 67
185 97
789 623
823 216
349 188
800 560
6 742
16 242
832 125
647 241
738 136
220 36
603 347
462 326
777 37
338 754
235 655
150 66
631 85
231 468
112 570
238 135
149 476
563 722
300 672
112 16
326 145
816 671
244 831
743 339
44 495
163 564
525 323
233 733
777 726
686 732
668 221
23 407
774 119
395 352
829 330
834 518
208 293
527 463
120 318
390 227
553 388
446 344
641 227
28 452
706 663
0 554
584 540
766 733
243 548
573 716
335 227
534 2
675 571
21 639
673 134
12 698
193 324
78 148
834 771
519 145
599 812
484 599
142 355
421 494
483 590
572 747
526 510
384 536
387 845
351 273
595 635
334 235
246 183
547 606
367 737
562 659
129 25
377 785
264 801
320 472
447 298
4 332
293 846
458 611
586 165
612 40
729 480
377 82
465 430
762 211
379 228
380 581
231 785
14 12
838 778
654 49
590 496
278 432
357 513
538 6
565 308
137 213
44 370
386 770
362 248
125 826
51 583
377 395
354 429
560 36
721 618
518 81
353 176
162 145
294 416
412 629
215 633
457 769
650 181
101 467
644 198
288 88
354 788
539 125
364 611
245 450
305 218
372 246
537 591
454 306
802 249
51 385
658 726
842 51
147 711
307 300
219 131
678 553
672 365
22 507
282 653
668 474
429 726
575 218
98 256
588 74
285 483
802 529
369 68
373 236
475 391
839 204
367 531
88 758
708 509
275 110
760 785
100 490
749 800
407 88
459 513
667 297
164 372
332 812
778 187
533 272
515 62
643 842
186 216
129 178
488 832
354 250
249 614
326 213
162 732
794 810
737 739
592 323
482 263
634 112
756 358
323 270
751 345
510 570
306 506
336 313
18 324
574 253
418 664
329 726
623 826
320 346
220 57
829 360
0 802
696 198
748 747
486 127
159 689
623 414
376 724
625 573
155 371
229 623
701 240
186 47
81 248
225 344
302 80
620 234
362 806
366 223
692 720
413 246
597 45
718 121
64 85
138 742
699 533
711 191
583 598
638 236
139 718
215 374
163 492
470 496
292 146
706 200
633 193
834 340
393 258
246 738
763 364
780 317
606 821
656 93
496 284
410 241
574 175
737 791
120 474
785 204
242 348
100 465
227 607
412 355
15 19
564 454
779 344
180 576
164 606
525 552
838 195
527 151
43 132
345 59
465 27
550 276
423 64
449 517
6 141
673 130
161 425
383 784
88 846
336 133
495 628
293 376
526 805
819 329
585 575
124 168
494 786
279 667
587 130
193 524
507 278
108 208
492 360
663 630
351 50
451 117
128 705
631 91
427 469
533 474
440 451
6 63
503 375
105 2
532 48
242 38
200 773
606 555
735 716
539 582
399 464
461 301
246 70
248 495
490 115
362 523
400 214
781 414
734 669
104 113
601 340
411 342
789 749
387 262
373 52
789 777
310 402
647 797
747 395
229 442
146 348
506 529
165 740
420 297
321 584
305 669
115 756
331 662
44 123
283 60
623 358
18 167
660 804
359 394
267 791
679 7
360 320
376 224
638 470
374 193
279 574
469 112
484 380
122 555
403 471
234 181
478 722
712 667
342 364
22 690
134 698
417 585
423 417
196 360
135 221
249 312
801 152
464 186
723 336
733 78
697 79
401 592
320 454
487 357
685 5
582 187
654 394
425 81
360 385
527 141
326 420
408 157
398 253
648 531
479 524
789 345
846 190
316 420
350 781
746 385
173 188
436 658
591 842
346 182
6 67
706 569
584 311
757 184
691 534
14 24
418 646
771 300
397 569
603 276
56 376
29 505
390 496
591 141
334 102
322 313
717 368
555 621
359 1
181 11
669 726
167 543
592 512
166 17
544 829
236 5
73 428
638 455
833 645
106 492
135 560
214 11
388 282
96 715
356 415
468 13
550 765
42 382
392 681
6 637
558 841
132 785
773 656
351 534
457 757
475 760
117 18
395 142
221 3
246 429
1 529
846 649
235 57
128 299
303 567
97 483
122 0
466 664
736 412
764 460
388 457
689 303
727 844
707 617
433 259
835 828
648 464
699 137
344 721
603 686
129 543
635 406
19 15
735 569
493 128
177 85
59 436
702 681
661 353
347 444
758 661
384 586
445 272
719 131
420 613
614 326
29 720
507 495
625 189
539 140
45 691
462 158
834 92
654 587
351 311
539 461
343 245
118 613
741 36
442 84
228 427
334 577
114 64
237 164
682 743
133 722
152 762
552 664
243 366
614 617
357 321
635 145
134 464
37 387
9 687
380 311
13 195
845 367
589 353
132 477
839 588
306 808
601 332
463 159
231 823
305 661
671 412
483 51
220 51
795 513
520 54
823 681
785 141
55 268
314 500
371 31
306 336
377 593
486 635
667 608
654 168
696 134
137 730
793 589
235 164
316 729
793 15
76 298
799 725
587 5
653 580
748 821
368 49
610 177
533 409
536 129
746 830
84 813
767 204
819 112
347 326
696 94
463 721
108 115
470 16
351 121
373 826
732 68
711 674
593 15
770 752
784 425
659 747
286 567
756 256
151 196
719 170
661 456
796 191
454 764
586 388
175 23
62 419
263 42
799 360
105 730
603 783
92 230
733 432
798 665
732 565
537 237
666 636
471 121
480 351
343 396
237 127
473 1
325 63
835 545
510 824
256 812
76 226
776 179
636 825
785 435
649 185
266 495
453 217
112 22
284 515
288 782
460 128
417 185
208 361
627 336
25 479
492 70
235 33
629 765
301 459
265 561
184 697
819 523
282 293
585 529
90 347
627 596
769 551
219 584
718 458
206 846
730 568
732 615
117 810
845 692
561 74
222 712
540 796
490 312
671 41
174 234
32 674
649 500
192 271
711 149
839 275
638 196
466 824
77 662
568 745
842 326
831 339
506 317
632 191
1 27
562 638
575 331
456 83
509 264
641 720
298 725
175 167
62 544
85 513
271 13
105 497
560 641
233 307
232 843
505 800
644 257
253 522
479 237
63 783
538 78
76 611
574 12
699 585
588 375
325 711
383 843
714 293
109 786
326 450
815 78
399 680
348 71
629 334
690 405
486 524
427 810
342 832
728 703
453 427
238 19
146 259
485 662
665 62
673 741
549 358
98 839
87 295
278 668
646 475
289 692
676 443
109 618
157 204
743 373
363 371
653 103
89 491
201 849
713 404
456 728
480 813
591 48
615 823
722 10
223 330
629 379
741 58
184 402
518 222
348 432
763 56
7 654
500 97
488 283
729 2
425 385
291 369
321 148
325 396
155 8
306 789
800 770
47 659
312 368
694 736
564 624
730 280
80 487
507 690
609 333
710 428
507 149
610 598
400 317
829 664
735 547
703 597
277 63
811 748
595 55
430 46
261 685
48 454
363 592
702 615
477 20
306 806
281 562
605 55
761 357
392 477
238 241
746 221
833 15
493 220
650 288
152 588
673 153
480 734
111 377
313 200
705 504
578 80
559 85
191 516
729 654
824 385
105 67
590 264
397 711
621 523
17 407
397 28
785 171
849 204
135 517
405 404
237 543
617 162
198 397
575 371
30 170
7 494
672 682
274 654
671 426
0 363
447 368
488 104
633 314
405 617
810 510
558 717
506 119
379 516
653 144
704 206
705 310
310 150
836 510
511 312
510 385
286 373
384 768
679 821
479 95
563 183
701 426
701 801
679 332
816 457
287 446
152 491
827 715
102 212
46 833
532 385
604 314
149 218
174 443
276 595
698 366
762 429
326 2
195 783
249 48
753 726
575 597
85 729
593 565
391 541
663 53
267 290
405 792
81 227
828 353
439 315
250 369
463 763
801 15
473 376
321 792
368 529
6 236
21 475
86 778
627 795
793 28
725 397
391 433
129 243
575 524
255 315
814 409
406 197
306 793
177 268
335 718
597 738
560 117
592 610
409 811
360 23
380 205
447 207
514 617
3 543
401 284
578 241
20 546
788 815
270 136
432 472
281 392
634 138
293 189
139 227
541 655
374 235
150 390
723 482
366 617
775 267
194 90
348 721
552 749
362 788
663 658
99 2
678 649
784 137
749 504
667 95
332 625
25 448
299 227
226 521
31 94
78 35
129 327
77 787
665 488
533 604
355 234
508 535
281 521
837 779
566 209
459 177
444 363
642 366
299 768
618 133
257 347
118 796
98 487
704 432
223 444
437 730
87 584
110 355
638 709
294 377
271 497
799 292
706 177
139 229
652 60
415 197
820 315
483 405
556 772
777 635
43 765
169 705
777 735
625 503
805 457
15 660
214 745
828 385
416 139
581 121
6 47
782 8
363 555
710 622
612 778
165 331
813 584
323 48
39 513
76 319
166 268
702 581
698 32
650 355
97 714
524 657
68 675
576 402
392 525
315 236
774 18
346 355
267 667
57 733
685 539
729 505
243 801
812 38
101 520
495 218
696 230
284 442
811 697
308 545
429 511
304 526
84 554
538 83
400 133
780 27
145 47
240 409
14 581
730 51
393 611
316 597
424 68
757 297
398 801
249 369
619 776
824 731
77 180
690 725
328 723
4 731
44 479
684 483
441 226
618 787
203 564
146 290
431 316
782 407
513 52
145 572
616 350
10 756
225 608
215 508
212 316
38 576
95 145
457 701
309 528
1 709
266 118
799 302
818 666
534 648
351 204
487 175
448 169
41 198
109 64
740 189
334 368
311 454
24 510
804 45
270 629
781 843
391 265
599 92
546 173
87 670
689 349
195 791
0 255
366 127
436 406
804 645
638 536
95 652
820 44
449 418
220 460
559 477
698 582
583 38
115 68
262 337
14 209
845 534
399 285
602 209
495 687
535 601
312 345
822 244
185 386
849 307
665 676
315 686
687 111
341 828
631 466
512 260
315 218
48 571
718 432
805 198
579 1
463 111
157 349
341 843
587 508
675 331
268 186
94 623
815 503
190 355
410 605
846 417
57 649
805 820
23 777
432 548
283 503
697 523
474 28
463 394
233 269
412 109
309 715
466 45
342 489
374 202
644 544
641 291
745 478
41 383
523 227
829 290
16 180
173 779
205 5
670 191
562 341
140 315
774 390
19 600
657 369
267 495
794 663
799 682
778 772
708 268
670 555
660 668
416 813
456 78
802 424
527 349
85 562
238 355
27 150
585 509
849 197
395 615
644 822
258 114
606 328
720 571
777 513
71 239
160 162
745 221
81 297
227 627
729 75
849 462
288 286
211 160
582 832
755 185
595 387
587 752
498 392
329 126
557 387
299 185
689 274
181 427
245 446
93 519
349 407
245 619
426 52
191 18
230 225
526 309
373 450
113 124
432 39
296 599
353 149
835 833
785 355
712 54
12 264
696 510
319 777
38 482
589 131
80 312
115 802
622 24
711 302
435 338
545 622
800 559
538 267
183 215
686 567
336 372
79 647
650 468
327 688
285 837
218 52
69 95
733 210
520 553
321 300
54 609
244 417
257 715
478 364
380 680
550 161
620 87
173 187
55 134
291 791
251 767
749 641
842 231
394 619
812 384
299 182
205 583
616 95
663 251
172 681
522 693
209 26
169 654
423 109
672 742
192 413
603 439
473 98
801 323
698 268
187 798
47 195
586 333
308 301
801 430
551 269
320 104
395 392
222 456
461 453
251 822
664 86
718 114
128 176
535 627
312 108
776 784
425 146
277 848
190 27
175 296
244 644
295 158
27 532
485 477
847 690
21 143
816 544
753 181
768 810
98 684
249 467
278 301
300 144
788 657
66 237
623 687
282 346
681 730
278 691
519 144
425 121
530 245
719 263
169 88
148 385
819 811
244 217
730 183
131 510
427 436
586 249
249 560
55 161
492 713
494 239
393 314
446 827
707 323
801 610
351 819
414 60
809 837
319 130
568 716
510 592
285 42
497 735
827 160
278 102
398 623
646 762
805 817
196 534
632 524
157 280
43 410
269 566
2 509
454 574
597 566
182 798
701 664
581 71
608 235
27 335
564 38
441 467
440 243
656 482
362 186
146 184
395 382
167 291
328 683
651 123
89 591
218 253
670 466
519 563
346 278
51 615
120 591
430 488
326 469
487 131
444 518
289 219
48 293
625 311
831 745
106 401
431 278
234 48
32 635
96 191
426 37
384 140
825 764
733 222
633 87
346 621
361 392
307 271
629 805
419 799
516 606
130 47
307 48
842 418
669 770
830 509
284 372
289 88
23 375
830 554
763 787
577 240
238 487
135 442
768 615
742 132
555 64
798 102
822 43
89 389
315 805
84 289
441 730
533 518
370 453
805 840
139 275
474 233
181 241
563 689
57 739
686 74
801 547
195 304
10 155
306 399
392 745
97 171
142 82
52 840
815 470
133 672
393 179
245 491
50 623
48 453
665 165
565 497
156 142
738 277
327 755
90 66
268 800
502 845
519 47
580 362
37 831
504 372
113 602
571 491
278 838
809 306
676 123
32 209
719 173
779 148
569 22
802 756
657 431
331 50
321 90
314 831
455 179
16 302
776 352
737 180
734 175
794 61
445 161
442 490
716 616
701 270
361 763
641 742
446 662
21 117
540 253
457 120
606 188
514 70
286 616
186 833
594 749
744 288
450 94
500 603
106 31
227 270
640 804
747 546
139 652
737 561
252 98
94 429
497 114
41 65
593 757
0 259
32 375
587 42
317 152
809 449
377 50
515 295
776 23
255 729
612 772
189 191
650 24
467 46
201 695
522 284
397 350
289 364
682 89
81 833
252 828
344 213
495 95
115 246
75 791
14 556
224 279
838 189
798 392
167 365
698 25
231 663
261 127
332 503
758 97
300 437
479 256
294 703
781 98
153 64
365 533
527 478
538 429
444 342
521 297
811 681
54 176
433 754
52 471
793 168
615 817
26 151
426 712
764 312
141 840
473 552
336 281
181 252
575 22
805 337
413 707
98 641
309 308
662 171
465 655
362 319
489 637
252 780
360 65
600 202
115 817
785 47
373 777
128 267
458 421
714 274
363 684
75 304
731 215
45 263
597 514
577 334
93 407
635 315
55 238
101 523
469 666
635 757
566 342
272 223
217 325
247 817
247 71
470 26
831 322
728 467
226 264
154 644
127 711
848 521
110 528
121 645
555 617
654 400
721 143
735 304
554 179
15 295
107 166
463 681
390 220
126 647
73 58
511 458
12 776
147 369
187 701
486 110
528 716
519 261
374 473
86 402
92 737
792 91
248 830
12 637
415 295
672 253
191 230
623 570
433 319
186 492
623 667
205 7
238 401
636 489
327 820
121 207
194 262
543 393
171 357
609 560
109 207
597 35
446 496
305 30
8 81
19 224
257 476
464 167
244 259
606 400
58 235
161 262
764 389
392 251
710 476
575 70
451 131
397 428
83 199
73 103
241 597
632 702
54 146
135 843
737 219
695 142
271 686
397 220
231 671
419 235
262 843
140 278
140 790
182 311
313 432
155 555
335 797
238 807
704 97
20 692
550 314
502 180
470 688
165 159
401 169
373 485
725 330
79 631
467 740
461 608
409 396
802 845
68 12
325 632
392 10
831 715
389 548
619 12
683 824
713 564
571 131
622 755
581 623
71 90
449 393
261 502
8 815
414 134
808 684
660 297
481 519
55 841
645 703
147 805
44 576
260 385
375 0
693 26
167 235
574 248
775 16
524 703
27 188
571 744
658 478
20 417
791 125
587 180
657 713
25 188
78 167
312 347
404 840
166 840
134 769
570 472
802 823
523 398
386 825
620 347
156 836
686 765
743 646
662 167
595 647
748 244
770 318
401 418
755 101
104 828
759 671
492 788
121 788
689 15
205 797
82 368
628 636
281 735
535 682
500 201
44 216
832 568
820 342
438 687
61 817
603 67
570 197
747 639
41 88
283 80
44 723
459 67
123 752
515 109
66 768
54 786
481 739
398 527
551 119
543 252
244 158
619 59
825 536
492 676
89 682
749 499
638 335
513 236
438 575
18 372
143 460
380 810
7 689
526 673
739 638
70 310
347 314
611 741
453 736
170 39
469 467
105 557
6 552
288 746
59 156
649 218
662 526
35 32
10 262
435 618
527 126
307 258
419 367
196 545
541 103
226 132
650 168
435 699
514 825
157 449
513 280
520 15
262 707
307 368
310 834
506 437
253 528
25 833
528 394
613 427
32 722
674 44
92 81
370 12
517 682
280 652
465 846
652 446
710 705
632 280
498 835
777 581
111 128
63 542
523 782
264 168
822 242
235 594
113 436
109 768
717 18
825 603
634 697
787 491
206 737
566 461
453 322
390 486
130 848
319 334
592 181
192 681
456 664
569 266
609 242
297 801
693 742
408 521
325 658
760 799
336 482
130 692
315 334
276 749
518 250
299 780
382 848
70 379
579 64
95 279
240 218
420 37
537 242
119 359
647 287
587 437
58 722
554 546
603 282
500 357
350 761
152 286
415 686
361 149
667 395
18 541
178 697
65 611
456 775
847 184
326 733
181 746
666 420
203 92
198 467
250 554
747 484
325 540
488 461
785 76
609 588
438 648
327 586
643 425
262 115
51 92
793 98
602 261
272 397
705 520
789 54
268 308
259 221
221 236
329 692
497 288
774 274
400 439
258 72
226 597
22 488
288 157
50 225
821 306
570 515
483 169
381 155
530 135
302 184
787 738
255 615
830 245
705 432
842 61
599 677
340 163
520 60
382 269
740 162
690 509
316 805
147 632
499 677
1 286
138 254
365 431
618 74
272 301
831 598
241 100
730 577
211 112
57 781
115 207
261 105
656 430
236 535
784 147
279 341
406 460
496 5
829 79
833 81
725 144
250 393
427 197
396 277
763 447
616 179
281 97
521 422
50 573
704 502
565 374
241 38
741 287
176 791
314 291
657 422
196 369
551 784
139 379
741 49
497 468
210 50
356 58
638 25
779 239
674 233
644 435
504 236
349 371
195 446
246 171
121 45
294 399
353 556
567 819
154 457
28 242
86 708
682 804
392 158
473 426
482 262
27 597
520 364
826 809
42 621
560 737
106 745
501 427
108 322
185 681
449 657
362 519
470 741
80 65
396 156
114 530
807 8
255 453
346 42
390 213
275 660
209 587
268 775
377 127
555 280
515 296
262 315
651 722
463 605
650 758
115 842
807 291
24 452
772 843
377 696
469 585
134 838
663 271
803 182
608 743
563 633
20 395
615 226
762 644
615 70
525 433
419 298
21 451
178 333
702 395
716 0
319 416
724 69
0 11
327 746
25 65
239 107
647 77
77 549
660 446
191 500
109 498
249 190
748 358
184 589
782 519
248 466
679 568
398 161
830 293
159 826
465 230
535 761
46 63
489 630
161 412
792 182
338 224
617 605
508 362
661 78
808 300
550 392
258 644
0 258
842 119
802 639
108 61
766 795
792 269
354 30
604 649
262 187
548 440
471 62
421 369
28 802
270 206
69 101
484 811
630 619
120 403
670 722
817 379
103 98
177 199
479 51
118 748
117 491
279 325
699 247
294 348
635 596
390 612
560 352
769 108
274 493
219 741
679 88
765 824
763 649
763 83
259 105
772 424
840 237
532 736
401 646
812 738
596 107
392 200
570 271
552 597
66 198
763 130
389 80
657 362
583 589
398 460
56 580
526 574
787 260
772 399
517 491
25 164
707 282
499 337
144 587
692 40
452 837
435 771
604 460
603 256
18 681
344 40
481 10
623 662
155 425
678 841
33 536
103 838
510 597
808 682
461 382
690 456
58 694
578 646
103 220
662 422
448 717
619 189
590 424
10 804
810 295
455 419
124 768
17 769
397 29
406 624
692 740
632 1
631 709
447 754
180 374
683 23
606 515
354 109
746 785
43 539
563 127
435 191
152 682
51 13
657 762
365 14
547 203
283 509
231 637
354 242
391 276
310 282
665 135
489 165
673 137
39 453
532 654
698 710
8 58
228 289
83 698
805 435
170 482
128 453
48 272
820 606
57 759
358 184
405 482
505 737
7 85
198 832
3 522
114 329
539 633
287 509
379 194
572 648
81 603
431 64
71 268
50 275
587 403
649 239
791 606
114 534
665 68
315 148
325 18
109 291
9 401
539 725
611 778
641 317
298 344
587 98
111 222
513 641
330 316
280 40
657 103
6 774
21 204
139 523
222 795
519 184
826 134
703 479
631 846
805 201
28 120
487 635
275 502
581 585
843 573
642 525
172 752
266 845
383 301
193 114
465 277
260 91
380 110
100 275
489 293
666 358
664 617
545 824
287 51
334 103
838 752
526 413
599 307
366 613
125 263
804 128
211 542
312 589
238 801
110 200
396 327
705 839
696 435
409 375
171 728
43 208
184 559
14 574
571 292
383 435
95 59
846 461
677 797
381 551
523 767
735 847
719 580
53 745
118 557
72 329
669 48
843 352
453 47
586 43
69 778
149 532
211 321
583 414
326 692
468 167
746 71
698 411
124 790
776 509
36 237
256 594
224 394
699 594
72 29
101 615
510 83
585 139
438 190
94 20
593 502
58 333
715 442
357 677
836 387
110 229
365 461
541 533
507 286
3 610
389 771
412 250
168 806
399 843
641 771
827 469
216 306
214 609
374 353
459 162
761 808
372 240
787 793
243 757
694 85
129 4
436 786
292 494
292 43
176 798
552 515
482 645
205 543
766 320
130 215
483 710
260 580
355 246
473 212
614 266
16 376
322 125
836 54
824 835
813 472
575 670
251 230
178 766
513 156
704 401
149 68
405 811
86 475
303 674
58 31
201 163
376 25
134 255
615 39
99 301
212 640
240 273
73 60
739 273
537 47
398 65
671 144
29 163
797 389
249 803
398 740
634 717
796 186
204 662
278 105
403 640
490 231
743 62
549 759
549 654
54 281
500 170
133 792
56 681
387 249
437 203
433 542
51 679
607 430
310 655
461 494
652 280
608 327
476 704
157 786
734 28
278 645
339 487
94 453
184 51
608 95
490 348
152 649
164 495
832 370
717 335
498 305
108 60
16 759
238 632
594 92
675 300
640 664
533 802
442 237
389 334
632 217
372 173
666 265
99 239
283 361
534 180
825 125
787 262
114 464
677 200
808 438
429 655
277 430
71 365
340 164
349 185
540 652
504 262
492 113
670 512
458 402
232 403
781 17
717 360
649 290
395 41
35 148
13 114
306 312
799 690
686 701
203 181
410 645
436 49
670 658
733 158
612 370
402 366
276 70
537 340
597 581
684 165
402 446
768 199
386 711
454 46
824 123
262 172
677 819
369 510
82 129
754 211
479 842
567 165
557 734
714 788
683 620
627 41
22 195
736 373
609 44
592 382
748 256
377 202
40 686
747 577
819 102
539 466
240 154
713 44
529 625
414 17
597 161
834 9
88 699
329 775
793 620
326 5
667 122
551 683
790 786
419 141
198 206
831 664
449 593
342 132
436 143
566 589
121 612
706 190
531 843
832 334
385 845
23 119
316 513
16 613
418 406
38 221
234 481
687 210
440 463
626 742
251 570
416 528
456 479
102 836
315 13
802 31
826 19
801 167
792 621
280 166
174 359
470 134
13 625
41 604
433 655
599 349
10 178
500 118
824 361
773 573
326 523
808 61
705 43
271 656
715 369
119 740
682 362
171 395
767 457
640 552
419 820
709 518
252 86
276 272
597 538
705 751
137 168
737 36
109 584
286 75
83 20
2 721
781 548
425 407
334 777
197 8
143 747
798 220
820 314
241 267
553 613
311 356
531 56
152 83
800 238
498 623
199 348
136 616
586 364
453 285
720 0
80 849
573 794
110 411
799 827
696 739
56 568
155 762
378 438
823 568
340 693
178 771
802 41
573 550
230 155
636 675
367 374
265 481
299 813
453 747
473 109
443 93
95 638
54 302
770 514
223 305
287 777
116 608
784 194
234 286
534 435
413 495
98 194
155 110
411 111
584 469
571 573
631 111
653 229
580 697
499 43
247 487
584 700
4 655
539 484
571 405
640 169
35 513
747 576
572 710
255 636
177 472
19 565
677 421
681 563
545 519
90 51
130 250
625 735
159 424
66 732
498 448
621 12
440 123
844 447
162 389
38 710
122 334
214 677
185 801
332 428
757 520
135 506
131 498
42 541
701 793
430 425
715 502
709 594
273 169
344 134
484 556
287 362
663 429
237 226
108 430
253 563
783 734
400 288
255 430
223 315
533 194
511 455
567 597
309 612
99 91
462 750
518 750
831 738
376 104
49 330
743 294
624 398
398 375
131 709
132 400
452 610
536 283
592 216
821 417
693 18
833 617
553 268
628 60
228 312
144 79
822 465
781 524
598 554
154 842
790 459
420 359
495 11
315 759
452 531
192 511
86 215
452 94
498 791
31 528
536 82
482 196
563 434
312 110
91 446
400 470
575 509
692 229
491 464
148 196
